32
5 6 32 11 18 17 21 15 28 24 23 19 26 29 16 14 8 30 1 22 27 2 13 4 12 3 20 7 9 25 10 31
30 13 7 14 4 27 29 28 18 31 15 10 22 24 8 26 25 5 17 1 32 12 23 3 9 21 20 11 16 6 2 19
30 8 18 5 21 3 32 31 29 22 23 4 11 9 17 28 19 24 16 15 25 27 26 1 6 20 14 10 7 2 13 12
19 12 11 23 31 17 26 29 9 27 14 25 22 18 10 1 24 8 3 4 6 15 5 30 13 32 20 21 28 7 2 16
29 16 14 23 12 10 6 27 9 19 20 22 25 2 18 15 32 24 26 11 21 4 30 1 3 5 31 7 13 28 17 8
24 31 10 2 17 26 29 25 13 12 22 15 6 4 19 16 8 3 18 21 7 28 32 23 27 30 1 14 9 11 5 20
22 30 3 4 13 12 9 21 26 23 20 14 7 5 24 25 6 27 31 19 17 16 32 28 2 10 1 8 15 29 18 11
25 24 10 20 28 23 13 2 1 3 5 29 27 14 15 31 7 26 9 18 17 12 22 8 21 19 30 32 11 6 4 16
29 23 14 31 12 24 11 28 18 30 13 20 8 25 2 4 9 22 26 5 21 16 17 32 15 10 19 27 7 1 6 3
13 21 18 12 32 8 9 5 14 10 2 1 6 31 27 17 20 25 24 29 28 26 16 19 15 23 4 30 3 11 7 22
11 7 26 5 31 29 28 17 32 13 22 15 14 4 23 2 27 21 9 8 30 24 10 19 20 3 16 18 12 1 6 25
13 7 16 4 2 10 9 31 30 15 25 29 18 27 5 1 19 11 21 8 12 20 28 3 23 17 32 14 22 24 6 26
22 2 13 28 4 18 7 27 6 5 25 31 8 30 1 26 29 11 14 24 12 20 23 10 32 9 21 19 3 16 17 15
29 16 24 6 31 14 8 5 30 7 13 20 15 12 4 11 10 23 2 26 18 22 19 3 9 32 28 21 27 25 17 1
18 25 8 12 28 7 29 16 15 11 32 1 21 2 17 22 30 24 26 6 19 31 23 20 9 14 3 5 13 27 4 10
4 31 26 18 22 11 14 1 13 10 15 25 9 16 7 32 19 21 2 28 24 30 5 17 29 20 23 8 6 27 12 3
2 1 12 27 3 6 15 14 32 26 30 28 22 9 21 25 5 18 7 20 10 23 4 24 8 31 11 16 29 13 19 17
28 25 30 32 11 24 3 14 2 6 18 7 17 21 12 10 4 1 29 20 31 26 13 15 5 16 19 22 8 9 23 27
26 11 7 2 12 29 15 1 22 9 23 32 14 17 6 8 3 4 10 28 27 13 30 24 25 16 21 18 19 20 5 31
25 14 2 6 16 4 29 10 31 20 12 30 21 27 32 19 5 18 17 26 11 1 9 7 13 28 8 3 24 15 22 23
31 29 1 20 13 3 24 11 19 16 10 28 8 7 4 22 15 25 2 18 12 26 21 27 5 6 9 30 23 14 32 17
21 10 4 15 29 19 17 28 13 18 5 6 32 23 25 22 27 14 9 30 2 12 3 11 20 31 1 24 7 16 26 8
6 11 25 18 17 15 14 27 13 20 24 30 5 32 21 3 2 10 8 23 1 31 7 16 22 28 29 4 12 19 26 9
12 8 31 16 22 28 1 17 7 32 10 26 29 19 20 15 6 13 5 18 11 21 25 3 30 24 4 14 9 27 2 23
15 31 4 12 30 1 14 9 10 26 28 7 24 25 16 29 17 8 32 6 18 11 19 22 21 5 20 3 27 2 23 13
9 16 12 11 31 5 7 3 13 22 14 20 24 17 29 6 28 23 21 30 15 2 1 19 10 27 26 18 8 25 4 32
7 6 17 9 19 8 15 21 12 28 18 1 24 26 13 23 30 27 29 3 25 4 11 20 10 32 22 2 16 14 5 31
6 23 16 12 15 21 2 5 17 4 14 25 1 27 28 26 24 19 10 22 13 9 8 29 7 30 18 20 31 11 32 3
7 29 13 19 6 22 26 15 31 28 10 14 8 32 1 24 27 12 30 16 18 5 4 25 17 2 11 20 21 3 9 23
9 14 27 19 4 17 8 11 24 30 31 23 3 6 7 29 32 28 12 22 25 21 10 5 1 20 13 18 15 26 2 16
4 27 6 2 19 14 10 18 12 24 13 25 26 31 9 16 30 3 8 32 22 29 7 21 15 28 17 23 20 11 1 5
17 1 15 30 12 9 13 26 22 3 18 6 23 20 14 5 25 16 28 24 8 21 32 4 2 10 27 11 19 29 31 7
20 6 5 32 24 17 14 8 11 31 4 16 26 1 13 15 2 29 28 19 3 25 22 27 7 30 23 9 12 10 21 18
11 5 8 28 30 31 32 13 2 24 22 6 25 21 19 18 23 7 26 27 12 17 4 10 3 20 15 16 29 14 1 9
7 10 11 19 18 5 25 6 29 22 3 32 23 9 26 13 31 8 27 1 30 24 17 28 14 4 12 2 16 20 21 15
20 22 27 26 25 23 18 15 24 32 28 7 17 4 13 1 8 12 29 19 21 16 11 31 6 30 9 14 3 2 10 5
31 21 1 9 10 4 30 32 13 26 2 24 22 20 7 16 5 17 6 27 11 18 23 3 28 29 25 15 12 14 8 19
32 7 20 21 9 23 2 31 8 27 22 19 4 13 25 6 26 5 28 11 3 30 1 29 14 18 17 24 10 16 15 12
24 1 25 6 14 5 4 23 18 30 17 21 22 10 29 12 15 20 7 13 28 19 16 26 32 8 9 27 11 2 31 3
32 14 2 15 17 13 22 19 30 3 1 11 5 7 23 12 8 4 28 16 6 26 20 25 24 31 18 21 29 9 10 27
3 29 9 17 6 1 22 18 15 14 2 4 26 12 31 27 24 21 19 25 13 5 11 30 10 32 8 20 16 23 28 7
21 10 15 5 30 24 29 13 18 25 16 14 7 17 2 19 20 6 12 23 22 3 31 8 28 26 1 9 4 27 11 32
17 12 4 16 9 3 27 28 22 26 18 29 1 13 31 10 24 8 20 15 2 5 7 11 21 23 14 30 32 19 25 6
7 10 2 17 5 1 19 25 9 13 26 8 31 15 22 27 32 12 16 20 30 18 3 14 23 4 28 11 6 24 21 29
14 27 16 8 10 9 2 11 12 24 6 13 20 30 29 23 31 18 26 5 15 22 17 1 21 19 32 4 7 28 25 3
16 21 3 7 26 10 11 8 28 30 9 32 13 17 29 5 24 2 25 6 23 15 14 27 4 20 18 12 31 19 22 1
19 23 25 5 18 9 7 14 20 26 1 21 3 29 24 12 30 4 11 16 17 6 15 31 28 13 27 32 10 22 8 2
13 8 22 11 1 21 19 10 24 15 23 27 6 9 17 20 4 18 31 7 12 26 5 30 16 2 29 28 32 25 3 14
18 1 5 23 2 25 15 9 4 28 24 32 21 31 7 26 20 11 8 17 16 22 3 29 27 19 12 10 6 30 13 14
1 32 27 24 19 18 10 8 29 17 6 25 15 9 12 11 5 14 7 30 20 23 22 2 21 3 4 28 31 26 13 16
22 9 10 30 5 6 4 7 32 27 18 12 29 23 8 26 16 24 1 17 2 14 3 19 28 13 25 15 31 20 21 11
17 11 6 32 26 3 8 7 18 1 12 30 23 2 24 19 28 21 4 10 13 15 9 22 20 31 27 16 29 14 25 5
12 19 10 15 5 9 25 23 3 29 28 7 16 2 32 31 24 17 22 13 20 1 18 8 6 30 27 11 4 26 21 14
22 18 17 31 26 9 19 27 11 24 14 13 28 25 15 4 1 3 23 32 21 30 12 10 8 6 2 29 16 5 7 20
21 4 5 13 9 20 17 24 16 2 14 7 32 31 25 3 22 29 28 27 10 18 23 30 6 26 15 1 11 12 19 8
32 19 8 10 14 31 9 20 1 25 24 21 4 30 28 16 23 15 6 13 3 7 17 26 29 5 11 22 18 12 2 27
25 22 23 26 6 16 8 11 29 18 9 14 28 24 20 19 30 10 31 7 27 4 3 1 15 21 2 13 32 5 17 12
1 16 17 19 6 30 25 12 29 9 24 27 5 23 22 15 7 13 2 11 18 10 14 28 31 4 8 3 32 20 21 26
1 12 21 22 4 13 16 8 25 31 27 2 14 32 10 6 18 23 17 3 30 19 15 24 7 29 5 11 20 26 28 9
30 4 11 7 2 12 14 10 21 18 27 3 15 1 26 19 24 25 8 16 22 9 32 29 23 13 31 20 5 6 28 17
19 6 18 29 31 7 25 1 12 21 28 4 2 15 32 22 8 24 26 23 3 10 14 11 9 16 5 30 20 27 17 13
19 11 26 8 28 18 22 31 5 2 23 13 25 29 15 24 3 21 16 1 9 10 12 14 30 7 20 32 4 27 6 17
22 1 16 21 26 18 12 8 9 27 30 25 17 13 24 3 28 10 32 5 19 20 11 29 15 7 4 23 2 31 6 14
28 12 10 23 1 30 9 21 6 25 7 14 29 32 2 18 24 31 19 4 16 26 13 15 22 27 5 3 8 11 17 20
