16
8 15 13 7 1 16 14 4 9 3 2 6 11 12 5 10
8 4 3 5 12 14 7 13 6 1 15 16 10 11 2 9
10 4 13 12 7 9 2 8 16 14 6 3 5 1 11 15
14 15 6 1 3 2 16 9 13 12 11 4 5 8 10 7
11 9 12 8 10 15 13 2 4 16 14 1 3 6 7 5
15 7 9 14 13 16 2 6 3 1 11 5 8 4 12 10
16 8 6 1 12 13 10 7 5 11 4 2 14 15 3 9
3 12 15 1 8 7 6 16 14 2 11 4 9 10 13 5
13 3 2 9 12 5 7 6 4 16 8 11 1 10 14 15
12 8 7 2 15 14 16 6 3 13 4 5 11 1 9 10
3 5 16 8 10 9 2 6 13 11 15 7 4 1 12 14
11 3 2 1 15 9 6 13 14 16 10 4 12 5 8 7
5 11 10 6 12 9 2 7 15 14 8 1 4 16 3 13
13 2 5 9 11 7 6 15 16 14 4 1 8 3 10 12
3 11 9 7 16 4 1 10 13 14 15 2 6 5 12 8
2 14 4 1 5 10 6 11 15 16 9 7 12 8 3 13
12 13 5 10 1 14 3 9 16 6 11 7 15 8 4 2
2 10 8 4 9 16 15 7 1 12 13 5 14 6 3 11
3 13 10 4 5 6 2 11 8 1 14 15 9 16 7 12
4 9 1 14 2 6 16 8 11 12 13 15 3 7 5 10
15 9 10 11 5 8 13 12 3 4 16 6 2 14 1 7
6 1 9 12 10 2 11 16 13 4 15 3 7 5 8 14
12 7 2 15 16 6 11 4 10 13 1 14 5 8 9 3
6 14 4 12 13 11 7 15 9 16 8 5 10 3 1 2
5 1 3 10 14 15 11 2 7 13 8 16 4 9 12 6
11 12 14 9 13 1 4 5 10 7 15 16 2 3 6 8
2 5 12 8 3 11 15 6 16 14 1 4 13 7 10 9
12 4 6 16 14 7 3 11 13 5 15 9 1 8 10 2
13 1 4 11 12 3 8 6 14 5 9 15 2 10 7 16
16 5 7 4 13 12 6 15 8 10 1 14 2 9 11 3
14 3 7 11 15 10 2 4 9 1 8 16 5 6 12 13
1 6 14 12 3 8 9 11 15 10 13 2 16 7 4 5
