64
41 51 11 5 37 26 28 13 1 22 64 52 63 9 23 57 33 19 18 49 6 27 10 42 46 35 21 3 40 54 16 47 8 30 50 29 31 53 60 38 59 36 2 17 61 56 58 43 15 45 48 62 4 25 12 32 39 24 14 20 44 34 55 7
36 15 54 33 55 3 8 28 18 25 21 20 17 64 40 34 13 58 50 63 53 11 48 4 31 45 14 24 62 44 39 42 49 61 12 60 43 9 7 56 16 47 38 32 57 27 29 23 59 22 26 37 35 1 6 51 52 30 46 2 19 41 5 10
34 52 18 13 8 28 16 50 27 32 33 61 45 31 46 21 59 47 54 30 3 43 12 4 24 17 57 41 49 53 14 35 5 19 2 20 40 64 55 38 44 36 1 56 42 58 10 9 37 63 11 39 62 25 29 60 7 22 48 51 15 6 26 23
36 63 50 13 37 35 44 11 52 24 43 23 17 64 55 5 58 15 53 19 49 40 27 59 16 38 46 60 7 39 10 61 41 26 29 32 33 22 1 57 45 6 62 56 34 20 54 30 28 4 51 3 31 25 14 42 9 21 2 47 8 18 48 12
18 9 29 25 32 10 62 4 51 17 42 27 20 16 33 13 60 30 63 47 19 8 46 61 3 64 48 12 43 26 40 22 49 52 7 35 6 24 38 56 37 54 15 55 39 36 21 41 28 45 11 53 5 44 58 34 57 23 59 31 2 1 50 14
35 41 51 11 60 44 56 8 40 29 9 30 23 4 46 27 20 50 28 61 13 10 42 25 58 54 53 37 36 47 19 48 31 17 12 7 33 15 63 43 62 22 52 26 18 5 49 21 1 55 64 38 59 6 39 34 57 32 3 16 45 24 14 2
31 14 37 25 27 59 63 53 12 58 16 9 1 29 11 38 64 18 57 30 23 21 5 42 8 46 7 36 51 49 32 19 60 20 50 13 26 47 17 15 44 62 3 56 24 43 28 40 33 61 45 52 6 2 48 10 34 39 4 55 35 54 22 41
60 5 43 2 33 17 59 22 19 47 4 34 10 35 16 7 58 62 25 56 6 50 31 21 55 8 46 20 49 44 29 26 42 53 40 11 13 54 51 52 9 30 15 57 38 61 36 23 64 18 1 14 27 48 3 37 45 12 32 24 63 41 39 28
34 6 46 28 32 51 50 29 10 59 54 38 15 31 36 30 11 58 33 21 47 60 22 24 5 40 7 41 19 49 53 56 43 42 23 37 52 25 16 9 55 26 4 3 27 17 62 64 45 18 14 20 8 2 44 48 63 61 12 39 35 13 57 1
50 40 18 52 64 15 49 26 23 14 35 25 45 55 7 12 13 39 9 31 16 20 3 44 37 60 2 6 36 22 10 11 43 28 54 17 41 59 42 63 24 48 5 57 27 4 21 56 1 34 8 58 32 51 53 38 29 62 19 33 30 61 46 47
41 40 23 36 62 60 58 20 43 28 12 30 46 17 34 49 4 44 19 50 32 22 59 5 35 7 61 45 14 15 27 21 3 11 26 63 9 56 8 18 55 42 64 10 13 31 53 57 29 48 1 54 39 47 52 38 24 6 16 33 51 25 2 37
21 39 26 41 15 53 10 11 2 25 40 60 37 54 17 56 59 35 57 33 36 47 8 50 46 48 43 14 51 32 63 18 22 23 52 58 55 27 7 9 45 4 31 64 28 44 42 20 5 12 30 38 62 1 3 13 6 24 61 34 19 49 29 16
23 14 61 62 35 64 54 51 40 59 9 19 21 34 53 7 42 39 44 55 11 18 32 17 48 37 43 2 13 22 15 28 38 26 3 47 50 58 31 20 12 57 27 5 36 49 1 16 4 63 24 60 45 52 30 29 41 33 8 10 56 25 46 6
6 31 61 50 19 59 23 12 25 3 13 42 46 9 45 37 55 28 56 26 62 39 58 11 35 30 5 1 51 24 8 7 43 54 63 57 53 60 44 14 21 52 15 47 29 64 33 41 40 17 49 34 10 18 16 4 38 20 2 32 22 27 36 48
53 7 60 51 35 19 18 56 10 25 59 58 61 52 12 28 48 27 21 5 63 14 43 33 44 39 24 36 2 49 17 38 29 41 42 26 45 16 15 32 11 64 22 20 37 46 50 3 4 55 47 62 40 9 1 30 8 57 13 31 6 34 23 54
55 1 51 39 32 26 50 49 14 61 19 33 13 60 40 46 4 11 21 3 5 37 28 57 59 64 29 22 41 58 18 45 47 25 44 34 62 12 27 56 30 63 42 8 53 31 2 10 9 52 24 36 48 17 7 6 23 35 43 16 15 54 20 38
7 31 41 46 37 35 9 57 19 34 59 15 5 13 30 25 33 40 47 27 21 44 24 38 23 61 55 48 28 62 60 11 1 8 51 43 6 14 53 49 2 20 56 36 4 50 12 52 22 42 3 18 64 16 32 45 58 26 17 10 54 63 29 39
56 40 61 47 31 48 35 20 4 43 55 22 1 24 26 15 39 44 18 2 19 59 49 58 27 3 37 54 17 63 46 16 51 8 34 13 57 7 23 11 9 33 30 14 52 53 25 5 42 21 62 38 28 36 12 32 50 60 10 29 41 64 45 6
2 18 24 49 54 43 42 15 60 36 62 19 56 59 37 14 6 5 22 63 11 47 23 61 26 53 12 64 8 30 7 9 32 40 41 58 44 34 3 17 46 50 48 1 16 57 38 45 4 10 35 31 20 29 25 33 27 13 55 39 51 28 21 52
1 22 48 61 36 60 25 16 20 14 21 32 39 34 38 46 62 11 15 8 30 2 37 63 42 56 17 50 12 24 7 29 5 26 58 59 31 52 13 47 23 18 44 49 41 57 53 55 27 45 10 51 40 28 9 33 6 43 19 4 64 35 3 54
50 26 42 58 41 55 13 46 53 7 40 9 17 38 44 31 48 5 6 20 21 14 61 37 63 4 8 28 60 34 39 32 25 10 56 51 18 57 35 3 59 54 16 62 52 24 47 43 12 29 49 15 27 64 19 22 33 30 1 11 23 2 36 45
45 39 12 36 15 31 30 25 3 58 44 54 9 34 8 23 43 19 40 33 22 27 47 10 29 38 59 46 20 61 56 57 5 24 11 16 18 21 42 32 52 49 13 55 26 50 7 14 17 51 2 28 53 4 35 48 6 60 62 37 41 1 63 64
59 28 37 57 5 52 38 35 40 20 39 16 6 63 55 54 12 17 22 11 61 9 2 48 53 29 26 21 46 3 14 7 27 51 1 10 44 4 8 45 23 60 41 31 43 36 30 58 50 18 42 47 62 13 64 34 25 24 32 49 19 56 15 33
7 38 63 25 5 9 14 55 58 26 11 39 12 2 24 18 31 52 49 22 42 36 28 47 16 54 51 46 15 34 13 37 6 59 61 40 8 60 21 57 20 45 19 23 53 4 32 50 33 64 62 30 1 41 56 35 48 29 27 17 43 3 10 44
49 62 1 26 25 47 45 28 7 24 64 6 22 20 61 23 33 42 3 48 30 46 57 8 2 60 19 10 32 4 27 63 53 35 9 39 43 52 54 5 51 56 14 59 36 12 15 58 44 50 38 17 13 11 18 34 37 21 29 55 40 41 31 16
58 6 13 30 41 59 34 15 23 9 25 3 56 48 12 17 21 64 57 20 33 35 37 54 26 32 24 42 45 16 22 31 10 52 1 19 5 62 63 46 36 28 14 39 29 47 8 27 40 4 55 51 49 61 44 53 38 43 18 7 60 50 2 11
59 37 23 45 33 2 6 1 3 58 50 19 62 9 51 18 49 63 56 7 17 31 34 22 61 32 24 40 28 25 42 39 48 55 57 21 20 44 47 15 53 46 12 54 11 14 16 64 5 8 52 30 26 35 10 29 4 43 38 36 27 13 60 41
30 15 19 32 57 20 46 31 33 55 48 6 58 9 13 49 35 2 22 61 29 18 27 41 52 63 42 44 39 25 1 12 10 3 4 36 17 50 11 21 54 40 8 16 14 51 62 24 38 43 28 34 23 60 53 37 47 64 45 59 5 7 56 26
21 64 32 54 15 1 20 56 28 47 19 3 42 37 55 7 61 25 63 45 52 30 33 41 11 26 12 38 31 8 51 16 2 27 58 24 57 5 36 4 39 34 60 6 43 9 53 29 10 50 44 22 17 62 35 18 23 59 13 48 46 49 40 14
48 23 12 4 43 39 41 8 34 45 27 56 54 49 52 58 25 22 53 37 33 57 1 29 47 19 44 20 51 50 11 31 40 35 14 21 46 13 63 30 24 15 36 62 17 28 10 5 7 55 59 2 60 42 6 26 61 32 64 18 3 16 38 9
1 16 2 34 48 51 61 36 25 42 12 22 18 14 27 10 13 23 20 54 24 63 50 38 6 28 30 21 56 11 58 37 45 8 53 32 5 19 4 52 64 60 26 41 40 59 9 46 49 31 43 15 7 39 33 55 35 17 57 47 62 44 29 3
53 9 10 21 60 4 8 1 11 27 40 22 64 58 36 23 49 25 46 54 3 39 17 62 59 12 29 2 51 41 52 37 44 30 48 38 32 61 13 20 16 18 7 43 19 14 47 55 56 63 42 50 34 15 26 31 57 24 33 6 28 5 35 45
25 62 27 56 49 29 55 11 5 34 44 26 43 58 15 9 38 47 23 39 16 63 42 35 2 33 59 28 60 3 6 40 45 10 61 30 50 4 13 37 20 36 52 22 18 8 31 57 24 12 64 53 46 7 51 41 14 21 1 19 48 32 54 17
56 43 61 45 42 28 62 13 44 55 63 17 11 51 52 2 37 34 58 54 35 60 50 40 6 53 16 5 25 36 32 21 10 64 12 15 41 59 19 22 3 49 48 8 24 27 39 9 30 23 20 46 33 38 26 4 14 1 47 57 18 31 29 7
20 53 42 51 24 32 10 56 45 21 39 47 63 64 52 6 38 62 33 60 14 26 28 54 58 59 19 1 61 37 29 9 16 48 23 34 3 43 35 49 18 25 4 7 40 36 13 8 55 5 2 30 11 22 17 12 50 27 15 44 57 41 46 31
56 43 41 16 24 13 21 1 12 40 63 5 47 50 26 23 49 44 25 29 20 32 28 3 30 62 8 42 33 60 64 34 11 19 4 61 57 38 59 48 22 36 15 58 27 46 10 52 45 55 39 51 2 35 53 7 14 31 54 37 6 18 9 17
38 21 9 18 52 47 60 61 50 53 63 43 5 20 11 45 57 7 10 54 59 25 17 37 41 46 64 62 29 22 28 31 42 15 48 24 27 55 49 58 4 13 14 12 6 56 19 26 39 2 51 8 34 33 1 35 16 36 32 23 44 40 30 3
14 8 21 30 22 57 43 12 34 26 1 52 25 31 10 44 28 13 53 63 5 59 7 29 61 42 27 56 35 40 45 64 24 23 39 2 48 36 3 49 17 37 11 60 33 62 6 18 16 46 55 20 41 32 9 38 47 15 19 54 4 51 58 50
52 39 27 13 54 57 56 47 21 2 17 64 40 15 62 24 4 63 58 53 55 33 26 3 1 18 30 22 20 44 41 16 12 10 7 32 61 8 59 29 60 19 34 23 14 28 48 5 43 37 38 49 6 45 9 46 25 31 50 35 51 11 36 42
3 8 43 24 55 28 14 7 46 1 64 45 32 56 35 5 34 16 47 38 26 41 52 39 15 37 22 20 4 18 19 11 63 60 50 13 44 2 29 27 54 62 49 23 9 21 48 10 59 58 30 42 57 17 61 53 51 12 25 33 6 40 36 31
2 61 48 7 47 26 18 49 25 37 20 16 55 43 30 42 56 5 31 46 59 28 12 34 10 60 38 45 22 17 57 54 15 41 27 35 36 11 24 52 64 8 51 63 4 13 44 19 33 40 9 62 21 14 39 1 53 29 58 6 50 32 3 23
46 6 61 16 57 32 12 43 1 17 58 2 55 42 44 4 7 37 23 29 62 22 35 8 18 63 38 33 45 52 64 60 40 15 20 26 54 56 19 49 24 59 48 10 28 3 14 51 36 53 30 13 27 5 31 41 34 21 9 25 47 11 39 50
36 35 13 61 63 26 52 30 24 2 33 34 51 23 10 43 44 64 25 3 48 40 12 62 16 42 21 18 28 39 17 22 56 47 57 37 41 20 31 38 6 32 5 27 15 9 11 53 19 50 45 4 29 59 49 1 60 46 14 54 8 58 55 7
14 49 17 12 53 38 6 2 29 34 20 27 54 22 44 13 59 58 56 21 5 63 55 16 42 40 52 46 10 61 1 47 32 8 15 37 26 48 43 45 35 18 9 3 19 4 24 57 41 31 30 28 11 7 25 36 60 39 50 51 62 33 64 23
35 25 27 37 28 45 5 36 1 6 51 26 11 62 4 57 18 2 9 34 38 17 56 22 55 24 21 47 13 41 32 30 19 61 43 50 7 58 60 63 10 16 53 15 42 44 64 40 29 3 8 33 39 23 52 20 12 31 14 54 59 49 48 46
45 21 28 31 12 62 57 60 7 29 58 25 59 64 43 61 10 53 2 56 34 32 20 26 30 18 38 8 16 33 17 51 36 42 52 50 55 48 39 54 63 6 47 14 1 35 22 5 3 24 15 11 9 27 41 40 13 49 37 44 23 4 19 46
51 64 18 27 37 36 33 43 4 35 2 57 28 16 55 40 10 19 1 29 3 14 22 17 34 6 62 58 39 60 50 12 44 45 25 13 20 59 23 63 56 53 48 24 11 5 61 21 46 31 15 7 54 9 49 42 41 30 47 32 38 52 26 8
51 46 25 47 24 30 31 19 14 40 6 11 58 43 37 26 61 45 55 34 44 15 62 18 23 8 60 63 29 48 41 39 3 17 21 64 28 12 13 5 52 20 22 54 50 38 49 42 59 4 57 16 32 27 9 56 7 36 2 53 1 33 35 10
21 54 33 19 48 7 51 63 53 17 61 1 36 30 55 23 4 38 6 50 49 59 57 47 42 16 62 34 41 9 15 8 12 39 27 18 37 60 43 40 52 25 29 26 32 22 44 64 3 45 2 13 20 14 10 56 35 58 46 28 5 31 24 11
9 33 25 18 48 2 3 63 38 27 52 62 42 35 12 44 19 47 60 30 17 31 54 61 26 64 23 11 7 55 10 59 28 5 50 57 39 32 13 58 20 56 37 36 49 29 16 51 1 53 34 14 4 41 45 6 8 15 40 24 46 21 43 22
38 54 5 12 27 43 53 23 48 18 9 17 40 30 52 6 26 61 36 20 16 2 60 44 47 22 31 19 11 51 39 64 28 24 10 14 58 33 37 42 55 8 56 41 1 49 4 46 15 32 25 57 13 45 7 34 29 62 63 50 3 21 35 59
25 30 62 2 11 55 41 48 18 37 56 40 54 39 32 43 16 61 50 60 42 58 17 52 10 53 46 7 59 38 28 21 23 20 9 33 5 57 36 13 19 45 47 8 6 51 44 22 35 31 34 4 15 1 49 63 24 14 3 26 29 64 12 27
42 32 23 37 14 2 13 10 16 25 11 43 41 18 19 9 47 38 56 36 31 30 8 58 51 27 63 40 55 52 59 44 39 3 20 28 24 29 46 35 26 48 61 5 53 12 60 33 49 57 64 34 15 54 45 21 6 4 7 17 22 62 50 1
27 2 19 62 63 47 53 39 33 59 20 41 40 52 48 15 4 35 58 18 24 61 31 5 54 37 42 34 46 25 56 29 45 11 51 32 38 7 60 44 8 1 17 43 36 57 14 55 16 9 12 26 28 6 21 64 3 30 50 23 22 10 13 49
61 1 43 30 58 33 17 64 28 16 13 51 9 24 35 11 48 56 2 25 10 57 60 46 39 21 45 4 22 26 15 44 12 19 49 52 41 3 55 38 36 63 14 59 32 40 5 53 27 47 6 29 62 37 18 7 8 42 50 20 54 31 23 34
25 6 20 35 63 16 59 1 5 39 54 37 64 21 7 46 57 23 61 38 32 34 50 45 44 13 42 56 29 26 14 2 15 12 28 10 33 27 58 24 19 53 55 11 62 8 48 18 49 30 17 22 36 4 31 60 52 47 51 41 40 3 9 43
64 48 2 9 23 53 18 12 22 5 19 46 36 25 40 13 42 43 51 49 58 35 7 21 55 62 32 52 47 11 6 39 63 31 34 28 44 56 61 29 3 41 14 33 16 59 20 57 26 1 38 60 54 50 30 37 24 15 27 8 10 17 4 45
50 46 21 4 27 16 6 45 24 55 61 3 19 52 11 14 43 31 23 49 48 30 5 28 34 41 60 25 42 2 39 22 29 15 38 33 9 53 8 54 56 18 17 26 44 36 62 64 40 10 20 35 63 51 37 1 57 7 59 32 58 12 13 47
17 20 52 32 37 47 55 44 46 9 54 8 11 16 63 43 58 29 59 45 12 35 49 3 38 36 28 48 39 61 13 42 56 23 15 24 25 18 33 31 6 21 64 1 22 5 53 40 30 2 19 26 14 62 51 34 27 7 60 4 10 50 57 41
7 38 53 55 11 60 40 4 46 58 43 47 42 32 13 26 57 45 61 18 63 52 3 22 15 2 17 8 5 1 36 31 23 34 30 35 29 9 51 19 39 64 14 28 48 6 62 37 24 49 33 12 50 20 27 10 56 21 16 59 44 25 54 41
61 17 5 53 41 20 2 8 10 23 50 34 64 28 46 49 1 25 3 30 37 60 16 27 42 26 44 56 18 59 62 21 48 6 54 40 24 15 36 4 22 55 58 57 63 51 32 35 19 31 7 45 33 29 14 52 47 12 11 43 39 9 13 38
49 39 36 47 31 54 4 60 46 28 16 7 19 61 9 51 48 59 20 50 25 10 63 56 3 62 45 27 30 29 23 21 6 32 35 40 55 1 5 24 57 64 18 34 42 41 52 13 11 15 22 33 8 53 44 17 2 58 38 37 26 43 12 14
36 43 7 13 3 42 64 30 8 47 40 37 41 49 24 62 58 52 23 53 32 60 61 12 44 27 19 25 57 6 35 10 54 33 9 18 56 16 55 31 1 15 26 63 39 21 28 17 46 14 38 5 2 29 34 11 4 59 50 22 45 48 51 20
57 62 38 53 59 29 43 26 14 64 34 20 39 45 42 2 35 32 24 60 17 19 61 28 52 4 1 27 40 46 36 49 21 13 12 37 18 16 30 54 41 11 44 10 47 6 31 5 50 7 8 25 9 22 58 48 51 23 33 15 63 3 56 55
25 2 31 19 8 24 16 10 20 36 64 56 60 42 15 59 34 18 33 12 61 52 4 50 62 38 32 41 63 26 49 3 11 44 55 35 7 21 27 14 47 46 30 57 13 48 17 22 9 45 40 28 1 5 43 58 51 39 54 23 6 29 37 53
21 40 42 31 60 8 19 30 18 23 64 55 10 59 11 33 26 20 25 63 3 17 2 15 36 37 58 41 56 14 5 1 12 32 28 39 24 46 51 45 44 13 50 49 16 9 38 62 6 48 54 29 43 52 27 53 61 47 57 7 4 34 35 22
38 60 12 64 1 6 44 58 7 18 9 2 46 36 50 5 53 56 30 27 39 45 10 22 14 54 55 35 31 37 52 3 63 20 57 41 59 16 62 32 8 33 29 25 51 48 61 26 28 17 21 24 13 15 40 47 49 42 34 23 43 4 19 11
47 26 62 37 4 33 32 7 14 6 30 39 16 60 2 19 12 43 5 1 9 63 38 54 23 27 41 3 13 46 51 45 52 11 48 15 59 50 17 56 40 36 55 49 58 44 25 61 28 8 35 53 31 18 34 42 64 20 24 29 10 21 57 22
18 29 12 9 46 28 32 26 8 49 40 22 63 42 17 56 61 11 34 45 23 41 31 15 62 2 36 13 27 1 50 7 54 6 57 33 25 3 5 59 51 14 53 39 58 24 48 16 10 55 30 19 64 44 37 47 4 43 52 60 21 38 20 35
33 44 17 63 16 60 62 14 9 1 61 27 28 18 46 3 58 22 56 43 19 34 15 59 12 20 38 53 47 11 42 2 4 25 29 21 32 39 7 57 13 41 50 51 52 23 37 45 31 54 5 36 10 40 49 26 48 6 30 24 35 8 55 64
57 60 6 59 58 25 50 4 11 41 54 51 56 14 33 3 9 36 10 29 37 31 22 18 47 63 42 17 64 19 1 53 21 40 48 55 28 35 46 16 45 38 39 30 7 27 52 49 24 2 44 32 34 15 43 61 23 62 26 13 5 8 20 12
53 58 8 13 35 46 64 44 20 23 47 6 17 14 24 56 32 54 22 62 60 15 29 31 28 19 9 55 26 43 11 39 36 25 30 12 41 34 37 5 18 33 3 59 40 7 38 16 51 2 48 1 50 4 52 42 57 49 45 27 10 21 63 61
17 10 62 39 28 18 61 35 45 60 27 29 21 12 53 9 26 33 13 55 57 52 63 56 3 23 32 42 19 46 49 51 5 40 36 47 6 2 16 64 54 22 48 25 41 50 58 44 15 1 59 24 11 31 7 37 30 20 14 4 8 38 34 43
59 29 41 54 32 62 7 20 2 57 34 48 47 10 44 4 33 45 36 43 46 17 12 13 39 19 63 53 51 8 25 5 56 55 49 60 9 6 26 30 28 52 58 61 16 50 14 37 15 42 64 40 24 1 23 3 18 27 35 22 31 21 38 11
38 58 16 24 13 19 57 37 42 34 41 5 61 22 54 39 15 50 12 36 52 17 2 6 47 44 25 49 7 51 18 64 30 10 28 8 45 29 46 26 1 63 43 48 56 9 20 11 31 27 59 33 40 21 55 4 53 3 14 60 32 62 35 23
30 29 6 40 36 32 39 19 53 37 59 61 35 27 33 64 50 4 57 13 47 12 48 62 16 63 23 25 8 18 7 5 14 10 11 21 38 55 46 42 20 28 17 43 52 26 44 2 9 41 56 3 60 31 49 1 15 54 58 24 51 22 45 34
33 23 17 38 30 31 15 20 59 61 2 42 56 25 28 10 63 45 26 40 21 43 7 13 8 4 50 35 47 57 62 16 60 32 54 19 12 6 51 46 39 34 58 29 27 14 36 64 11 24 41 49 1 5 9 22 48 3 18 44 37 55 52 53
63 47 36 7 16 10 38 17 5 6 54 39 26 42 35 37 57 49 2 62 33 50 29 11 3 55 32 12 60 22 52 40 9 59 51 44 15 46 24 41 64 27 20 21 8 1 31 45 25 28 19 23 48 58 61 30 14 56 53 4 34 18 13 43
29 25 18 10 34 38 37 27 32 16 39 49 5 23 24 59 45 21 19 51 8 17 52 3 42 9 63 35 33 62 50 44 55 57 31 26 40 46 12 53 41 43 28 58 64 1 4 11 56 2 36 60 15 7 13 47 30 54 22 48 6 20 14 61
55 57 48 43 39 24 50 13 7 4 41 29 45 49 18 25 22 63 52 5 60 26 1 10 3 46 58 33 61 27 31 44 40 8 36 20 56 9 59 37 11 21 64 62 28 38 19 6 53 54 51 14 15 2 42 30 34 32 12 35 23 47 16 17
22 33 4 52 41 23 18 14 48 28 6 38 37 40 7 45 17 16 12 24 30 25 39 35 20 13 63 3 44 8 19 2 51 61 9 47 62 54 46 59 43 56 64 27 26 11 50 42 34 60 5 31 55 53 32 29 49 1 58 57 36 15 10 21
40 6 11 20 35 9 23 1 37 19 31 46 28 45 62 3 64 56 44 26 48 54 61 24 32 15 34 5 16 60 58 63 53 39 18 59 43 38 22 47 7 27 13 51 12 30 52 41 4 33 10 25 2 49 29 21 36 50 55 17 42 8 57 14
19 17 6 43 47 14 9 34 26 50 18 29 41 15 24 8 44 22 11 49 48 10 56 63 31 4 35 36 2 46 27 52 20 42 57 33 37 30 62 25 53 61 5 45 21 54 40 58 23 55 3 28 13 59 16 12 1 51 7 32 60 38 64 39
30 38 40 42 56 49 18 51 37 57 26 46 32 55 25 33 41 54 59 13 29 11 50 19 36 21 48 9 27 22 43 28 4 63 45 8 23 61 7 47 52 39 10 60 35 64 62 17 5 6 53 34 20 58 15 14 2 44 1 16 31 12 3 24
64 31 4 30 22 60 19 45 48 61 23 24 62 28 17 53 25 59 6 9 27 58 38 3 50 21 44 20 56 36 43 51 16 14 7 10 46 15 37 2 29 54 18 1 40 41 8 13 26 42 33 11 5 57 35 34 32 12 47 63 52 39 55 49
13 64 57 40 8 39 53 48 2 56 42 23 24 5 4 3 61 1 47 26 32 17 62 35 59 7 45 11 63 22 37 10 14 52 19 38 36 25 58 20 16 9 29 50 51 27 31 46 43 6 21 33 18 44 49 54 41 12 28 34 55 30 15 60
23 16 56 30 24 39 63 33 58 57 31 60 37 55 26 29 6 8 32 54 49 64 18 15 1 34 22 48 2 9 42 11 21 45 36 59 13 47 53 20 44 27 52 5 43 41 51 38 14 19 3 35 25 40 61 50 62 12 7 46 4 17 10 28
58 48 34 51 30 5 8 23 15 16 49 6 47 50 55 32 18 25 56 13 27 35 43 52 44 20 37 62 7 1 42 10 24 36 9 2 60 3 61 54 17 64 29 57 38 40 22 11 53 41 63 59 14 21 33 45 26 28 4 19 31 39 12 46
26 15 53 32 1 54 29 4 6 8 12 48 19 46 14 33 59 2 36 47 27 39 51 35 42 25 31 45 60 23 38 50 55 52 21 18 20 62 7 13 37 63 64 10 3 56 9 44 61 40 58 16 22 30 11 57 43 49 41 34 5 17 24 28
23 32 3 15 36 4 61 47 8 24 45 11 37 58 17 29 63 10 6 55 33 16 14 44 35 27 57 62 53 50 52 30 12 18 19 20 2 46 5 56 48 21 39 1 22 28 60 54 64 41 9 51 25 34 26 13 49 7 42 38 31 59 43 40
8 62 15 61 50 38 5 51 46 56 34 2 21 49 1 30 24 57 10 53 20 52 12 39 59 58 35 11 18 23 14 9 22 43 29 60 32 44 27 48 42 31 63 19 28 4 3 64 54 36 41 6 33 26 45 17 25 47 55 37 16 40 7 13
18 61 12 40 38 44 19 2 34 57 9 17 58 46 4 32 29 6 54 10 59 28 25 55 53 33 63 26 64 27 24 35 21 13 8 14 50 37 49 20 1 30 42 48 47 52 5 7 31 39 56 51 23 11 15 60 22 62 36 41 3 45 43 16
14 49 33 16 8 41 50 11 1 4 54 40 25 39 61 37 42 46 15 57 63 62 19 64 36 45 48 7 55 21 38 28 22 58 51 23 52 5 24 26 20 10 17 29 30 32 31 43 2 47 13 18 44 27 35 60 9 56 59 34 6 12 53 3
53 61 63 25 49 30 64 8 60 59 57 41 43 31 2 47 3 15 20 39 14 10 7 9 35 37 46 24 23 12 44 55 4 22 48 50 16 29 40 42 17 21 52 13 45 38 5 51 18 32 33 62 28 1 26 54 34 19 27 36 11 6 56 58
47 53 51 58 34 50 31 1 59 25 41 40 8 63 18 36 39 24 17 64 54 32 16 43 6 37 9 57 11 52 27 30 15 55 29 48 61 2 38 26 46 10 60 56 7 35 28 5 33 62 4 12 21 14 23 19 44 42 49 20 22 3 45 13
20 18 2 7 22 13 33 8 24 17 31 38 52 37 50 3 46 54 12 41 40 62 9 45 19 5 26 63 32 43 49 42 11 4 15 39 6 25 60 10 51 23 47 21 53 1 48 16 44 28 61 55 14 56 57 29 30 59 35 27 64 36 58 34
22 34 56 15 44 5 50 46 28 45 61 19 63 59 3 58 14 4 54 17 51 38 24 47 16 18 9 62 31 57 37 10 43 49 35 40 13 64 36 27 48 29 53 2 41 1 26 33 32 39 12 8 30 23 42 11 60 52 6 7 21 55 25 20
43 52 36 24 39 6 50 44 23 21 19 20 56 58 49 18 11 17 8 37 22 15 60 47 41 42 5 55 61 54 32 29 9 10 48 28 31 62 33 63 14 35 64 13 1 26 34 12 45 4 16 51 7 30 53 27 59 3 46 25 2 57 40 38
32 64 46 22 1 9 26 48 23 6 51 54 58 63 28 35 12 36 49 27 42 7 47 29 59 44 14 30 61 18 25 33 16 41 17 4 38 34 57 53 50 13 52 39 20 11 43 3 40 24 31 62 37 60 56 45 19 5 55 10 21 2 8 15
4 7 62 57 55 6 11 60 45 47 58 25 38 13 53 28 35 21 37 10 61 5 15 9 46 2 64 52 20 50 31 14 12 29 23 43 16 44 39 17 51 19 18 34 8 41 40 1 33 27 49 32 63 3 36 42 56 24 30 22 54 59 26 48
48 7 8 33 37 14 56 20 58 42 17 5 34 36 25 23 1 27 29 28 4 46 59 13 54 40 18 50 35 52 21 64 43 45 32 16 55 63 12 38 15 51 6 39 60 10 57 53 22 30 2 61 44 62 31 24 41 47 19 3 11 9 49 26
8 36 40 31 61 34 6 16 26 33 55 42 49 47 37 52 62 2 41 53 50 30 32 22 23 60 1 10 28 3 11 44 51 17 35 19 46 25 59 18 48 45 63 5 9 4 39 24 29 12 7 20 38 21 13 56 54 15 57 14 64 58 27 43
15 20 18 26 35 51 13 23 58 41 6 50 47 3 8 55 4 40 43 54 38 56 29 24 61 25 64 42 30 9 10 22 60 62 33 57 21 34 36 27 39 1 52 49 53 11 45 14 7 12 31 2 44 63 32 59 46 28 48 17 16 5 37 19
44 28 37 27 3 23 57 7 32 24 33 36 55 60 6 22 14 19 29 16 1 56 35 9 39 49 54 40 47 48 52 38 25 62 51 31 15 11 50 61 13 12 26 20 30 42 64 5 41 53 2 17 58 10 34 46 59 4 8 45 63 18 21 43
42 7 55 41 64 5 1 31 20 36 45 49 60 46 24 50 19 10 11 9 12 23 26 32 38 14 63 35 3 51 16 39 34 22 57 62 15 17 44 30 43 37 47 2 61 56 6 29 27 48 13 40 59 33 8 4 52 28 21 18 58 54 25 53
53 58 6 42 16 17 30 37 10 56 14 33 43 20 32 11 40 60 35 4 25 51 38 46 24 64 29 23 47 44 5 21 48 19 62 54 34 63 7 45 31 39 15 26 2 18 57 55 3 22 13 49 41 8 61 50 27 52 12 59 1 36 9 28
56 52 51 17 57 49 26 35 27 63 36 54 22 62 10 46 59 39 25 37 2 55 9 7 1 15 47 8 21 3 44 60 64 30 45 32 41 50 48 14 40 43 6 24 20 5 38 53 18 34 28 16 23 61 11 33 29 58 19 4 13 31 12 42
16 59 2 37 8 62 58 5 56 22 6 51 36 28 61 23 47 53 46 20 42 50 48 45 52 64 14 63 9 17 60 18 55 4 40 57 25 44 7 15 34 1 27 38 29 39 43 3 11 21 54 35 13 26 10 41 49 24 31 12 33 19 32 30
27 7 8 31 51 59 43 25 1 28 23 37 22 49 64 2 60 56 30 61 54 62 48 10 36 35 9 39 63 16 19 41 47 21 42 24 50 26 5 18 13 17 15 11 38 34 45 4 33 12 58 32 44 6 52 20 29 46 55 3 53 40 57 14
2 26 15 28 41 43 16 8 32 48 4 52 56 50 40 31 51 59 45 7 11 63 61 47 62 17 36 49 18 58 27 29 44 55 21 30 33 20 23 60 13 37 39 12 57 38 53 6 42 35 25 64 24 1 9 14 5 54 46 34 22 19 3 10
4 9 43 59 57 5 21 60 11 41 42 13 64 44 24 40 1 55 63 34 61 19 30 36 49 28 51 46 50 17 27 32 26 10 20 62 22 33 7 8 2 47 48 35 6 15 52 38 29 16 12 14 25 31 39 18 56 54 3 53 37 45 23 58
17 26 48 3 11 4 6 1 45 23 2 39 56 42 12 62 43 18 52 32 29 20 53 40 10 7 36 57 64 19 34 27 33 13 25 31 37 35 14 58 38 55 15 21 5 16 61 50 51 28 44 59 22 54 63 24 30 46 8 49 9 60 47 41
32 11 42 52 43 35 41 16 2 40 39 10 37 59 53 50 60 34 47 58 21 45 31 46 54 30 26 5 17 4 36 19 55 13 25 62 7 29 20 24 12 61 23 49 1 48 28 15 27 63 33 14 6 3 51 22 8 64 38 56 9 57 18 44
20 56 55 41 47 48 27 3 42 7 49 60 13 32 30 46 19 54 2 10 6 14 23 40 63 61 45 39 37 36 53 11 5 24 33 16 35 4 59 57 58 18 43 52 21 31 25 12 26 38 64 22 28 8 9 1 44 17 34 51 62 50 29 15
47 40 42 50 45 24 3 28 53 23 6 49 56 22 7 44 58 13 32 59 14 63 29 55 16 8 61 33 10 41 20 4 26 12 60 51 17 1 37 54 43 57 21 5 25 15 18 48 36 38 31 62 30 52 19 27 9 64 34 39 46 35 2 11
62 55 17 50 30 13 53 46 49 56 18 8 21 16 54 59 52 24 29 10 58 38 34 25 5 2 23 3 11 44 1 14 22 20 40 48 64 26 47 31 28 45 9 37 41 60 43 35 15 39 33 42 27 7 36 32 6 12 51 57 4 63 61 19
59 53 36 57 4 10 32 54 28 5 3 55 58 6 16 22 47 26 40 46 34 52 33 35 27 20 62 61 50 1 63 38 31 24 56 37 30 19 15 14 8 45 51 44 48 23 41 9 21 7 29 39 2 18 64 42 43 12 60 13 17 11 49 25
58 21 6 20 57 59 7 55 28 41 18 39 51 17 30 4 50 13 23 24 47 9 15 44 35 34 54 43 42 45 37 3 25 10 60 32 36 19 52 46 16 5 38 64 27 48 61 62 14 63 31 1 56 26 29 22 8 12 53 49 40 11 2 33
2 45 10 36 34 31 5 47 28 7 16 51 55 63 35 64 62 50 13 39 1 9 46 37 58 19 6 26 48 33 38 18 8 61 21 12 20 17 22 15 41 29 27 32 30 59 3 57 60 52 4 42 14 56 53 23 40 11 54 25 43 49 24 44
38 4 52 29 9 34 8 19 43 28 46 5 26 23 13 20 1 22 24 27 17 36 59 61 18 41 50 12 2 49 60 25 57 6 10 7 62 45 40 42 15 64 21 56 39 53 14 55 33 48 3 47 31 58 63 54 44 30 51 32 35 11 37 16
7 53 39 1 51 5 42 10 58 22 61 31 8 38 15 14 34 52 48 25 4 62 19 37 2 54 46 9 13 35 56 55 21 64 60 40 63 18 29 50 45 3 36 6 49 59 17 16 12 24 47 28 20 41 27 11 23 30 32 33 57 43 26 44
41 25 13 24 58 31 46 61 33 37 48 15 53 10 40 32 12 30 21 29 47 38 35 4 44 52 51 6 28 19 16 14 64 36 42 7 26 59 8 54 23 55 18 45 5 49 3 62 17 22 60 2 27 34 56 63 43 57 9 39 50 1 11 20
61 37 56 5 1 10 20 42 57 59 24 48 47 63 18 7 50 13 41 62 19 22 51 17 60 33 54 31 8 53 26 40 36 55 9 12 27 14 43 30 58 39 32 21 52 23 25 46 16 35 38 2 28 64 15 29 44 34 3 4 6 45 49 11
59 56 35 12 26 2 44 13 24 52 42 48 49 21 55 23 43 14 50 10 53 15 34 18 7 36 64 22 11 63 8 47 19 20 58 37 28 9 46 41 4 6 39 3 1 45 29 30 17 33 61 16 62 27 54 5 38 31 25 51 57 40 32 60
3 63 62 4 5 44 51 52 45 21 47 49 10 30 61 26 41 11 36 2 43 40 50 46 8 32 64 31 38 60 7 28 12 58 20 18 55 53 16 25 27 23 22 9 59 42 15 29 35 13 57 34 56 54 1 39 19 17 6 37 14 33 48 24
36 15 55 49 14 42 31 18 59 29 22 64 51 20 39 4 11 63 23 43 58 50 27 13 19 47 5 9 6 56 26 34 8 12 46 16 33 44 7 3 21 54 48 17 61 53 35 57 41 1 52 32 30 60 10 24 62 45 28 40 38 2 25 37
60 61 36 27 57 17 47 10 38 52 49 14 21 33 63 39 50 54 24 30 6 48 7 56 29 9 23 20 37 18 55 43 64 5 1 22 12 44 19 45 26 40 35 42 25 41 2 11 3 51 34 13 31 8 15 16 46 59 53 28 58 62 4 32
3 27 29 36 20 7 14 11 54 8 51 19 25 28 59 17 61 2 42 9 33 39 13 37 23 26 53 64 58 34 48 41 49 16 46 50 45 60 31 24 12 56 18 30 4 22 6 15 43 40 47 10 38 63 1 44 32 62 55 57 35 5 21 52
